Metodo de Euler
y(  0.0  ) =  0.0
h =  0.1
0 0.0
1 0.100000000000000
2 0.230000000000000
3 0.402000000000000
4 0.632800000000000
5 0.945920000000000
6 1.37428800000000
7 1.96400320000000
8 2.77960448000000
9 3.91144627200000
10 5.48602478080000
11 7.68043469312000
12 10.7426085703680
13 15.0196519985152
14 20.9975127979213
15 29.3565179170898
16 41.0491250839257
17 57.4087751174960
18 80.3022851644944
19 112.343199230292
20 157.190478922409

Metodo de Euler Inverso
y(  0.0  ) =  1.0
h =  0.05
0 1.0
1 1.30937500000000
2 1.69296875000000
3 2.16933593750000
4 2.76166992187500
5 3.49896240234375
6 4.41745300292969
7 5.56244125366211
8 6.99055156707763
9 8.77256445884704
10 10.9969555735588
11 13.7743194669485
12 17.2428993336856
13 21.5754991671070
14 26.9881239588838
15 33.7507799486047
16 42.2009749357559
17 52.7605936696949
18 65.9569920871186
19 82.4493651088982
20 103.061706386123

Metodo de Euler Aprimorado
y(  0.0  ) =  1.0
h =  0.025
0 1.0
1 1.13093750000000
2 1.27496718750000
3 1.43346374218750
4 1.60794618511719
5 1.80009303455449
6 2.01175905318271
7 2.24499375376690
8 2.50206184791242
9 2.78546584194323
10 3.09797100534727
11 3.44263296090873
12 3.82282817180415
13 4.24228762984358
14 4.70513408097716
15 5.21592315947976
16 5.77968884122513
17 6.40199366955377
18 7.08898425485692
19 7.84745260161690
20 8.68490387478667

Metodo de Runge-Kutta
y(  0.0  ) =  0.0
h =  0.1
0 0.0
1 0.117200000000000
2 0.279737813333333
3 0.509907554076445
4 0.840966095334301
5 1.32252382328002
6 2.02858620464758
7 3.06954966101296
8 4.61009621432173
9 6.89588752611087
10 10.2933852856171
11 15.3492526100646
12 22.8789650935203
13 34.0989948621740
14 50.8239939357338
15 75.7609392203986
16 112.947918399709
17 168.408681474126
18 251.129057111003
19 374.513505461054
20 558.557906546436

Metodo de Adams-Bashforth
y(  0.0  ) =  0
h =  0.1
0 0
1 0.100000000000000
2 0.230000000000000
3 0.402000000000000
4 0.632800000000000
5 0.945920000000000
6 1.37428800000000
7 1.96400320000000
8 2.77960448000000
9 3.91144627200000
10 5.48602478080000
11 7.68043469312000
12 10.7426085703680
13 15.0196519985152
14 20.9975127979213
15 29.3565179170898
16 41.0491250839257
17 57.4087751174960
18 80.3022851644944
19 112.343199230292
20 157.190478922409

Metodo Adams-Bashforth por Euler
y(  0.0  ) =  0.0
h =  0.1
0 0.0
1 0.100000000000000
2 0.230000000000000
3 0.402000000000000
4 0.632800000000000
5 0.945920000000000
6 1.45035040000000
7 2.23691931688889
8 3.35844174442605
9 4.99695083498148
10 7.48198639667956
11 11.1802888333590
12 16.6249202050360
13 24.7500581304216
14 36.9138997900254
15 55.0062241322630
16 81.9320443028140
17 122.138411354335
18 182.125068886494
19 271.512719182194
20 404.819759848820

Metodo Adams-Bashforth por Euler Inverso
y(  0.0  ) =  0.0
h =  0.1
0 0.0
1 0.150000000000000
2 0.383333333333333
3 0.755555555555556
4 1.35925925925926
5 2.34876543209877
6 3.63048696844993
7 5.33326633706752
8 8.01470643199663
9 12.1056400477394
10 17.9796467433874
11 26.6957112787994
12 39.9282983202217
13 59.6016575070267
14 88.6906715293376
15 132.207423551735
16 197.309427230619
17 294.173216562392
18 438.496623036579
19 654.039640290237
20 975.562510729450

Metodo Adams-Bashforth por Euler Aprimorado
y(  0.0  ) =  0.0
h =  0.1
0 0.0
1 0.115000000000000
2 0.273200000000000
3 0.495336000000000
4 0.812097280000000
5 1.26890397440000
6 1.94566533580800
7 2.95034555054123
8 4.43033073361868
9 6.62178245644458
10 9.88667894391046
11 14.7449658269955
12 21.9694362353666
13 32.7351647816092
14 48.7896601869607
15 72.7172842441209
16 108.386148255521
17 161.584447620543
18 240.924394284386
19 359.238976622274
20 535.696063138739

Metodo Adams-Bashforth por Runge-Kutta (ordem =  6 )
y(  0.0  ) =  0.0
h =  0.1
0 0.0
1 0.117200000000000
2 0.279737813333333
3 0.509907554076445
4 0.840966095334301
5 1.32252382328002
6 2.02836134047985
7 3.06872220834702
8 4.60828020736213
9 6.89236515086689
10 10.2867228821220
11 15.3372283794531
12 22.8581235247808
13 34.0634846111728
14 50.7642408683033
15 75.6618503726720
16 112.785401547090
17 168.144096399825
18 250.701252221953
19 373.826207774336
20 557.459348935008

Metodo de Adams-Moulton
y(  0.0  ) =  1
h =  0.05
0 1.0
1 1.30937500000000
2 1.69296875000000
3 2.16933593750000
4 2.76166992187500
5 3.49896240234375
6 4.41745300292969
7 5.56244125366211
8 6.99055156707763
9 8.77256445884704
10 10.9969555735588
11 13.7743194669485
12 17.2428993336856
13 21.5754991671070
14 26.9881239588838
15 33.7507799486047
16 42.2009749357559
17 52.7605936696949
18 65.9569920871186
19 82.4493651088982
20 103.061706386123

Metodo Adams-Moulton por Euler
y(  0.0  ) =  0.0
h =  0.1
0 0.0
1 0.100000000000000
2 0.230000000000000
3 0.402000000000000
4 0.632800000000000
5 0.945920000000000
6 1.45358900516982
7 2.20520679241478
8 3.30289247683143
9 4.92393197479854
10 7.31988254403009
11 10.8655271830558
12 16.1199577519563
13 23.9122062465505
14 35.4736543667470
15 52.6335459490101
16 78.1086814350959
17 115.934267624565
18 172.103754124835
19 255.519082083533
20 379.402132056298

Metodo Adams-Moulton por Euler Inverso
y(  0.0  ) =  0.0
h =  0.1
0 0.0
1 0.150000000000000
2 0.383333333333333
3 0.755555555555556
4 1.35925925925926
5 2.10780148148148
6 3.19204488628148
7 4.80805949214932
8 7.20450294720136
9 10.7663426623160
10 16.0682824836752
11 23.9656563011987
12 35.7349377804197
13 53.2805743839803
14 79.4436133756412
15 118.462454776975
16 176.660135048732
17 263.469627384529
18 392.963444060807
19 586.135561158092
20 874.305689886751

Metodo Adams-Moulton por Euler Aprimorado
y(  0.0  ) =  0.0
h =  0.1
0 0.0
1 0.115000000000000
2 0.273200000000000
3 0.495336000000000
4 0.812097280000000
5 1.27901513553920
6 1.96420761885298
7 2.97361017048757
8 4.46728549922759
9 6.68336267806940
10 9.97708030305416
11 14.8784927754228
12 22.1783363181694
13 33.0562582745266
14 49.2721111621693
15 73.4513179944144
16 109.510596627432
17 163.293074389063
18 243.515778515453
19 363.183142975193
20 541.695738465855

Metodo Adams-Moulton por Runge-Kutta (ordem =  6 )
y(  0.0  ) =  0.0
h =  0.1
0 0.0
1 0.117200000000000
2 0.279737813333333
3 0.509907554076445
4 0.840966095334301
5 1.32262027491814
6 2.02888524073437
7 3.07022070330973
8 4.61143436653113
9 6.89838716875455
10 10.2978648488347
11 15.3570549500547
12 22.8922750443117
13 34.1213425287845
14 50.8610495127914
15 75.8217641531999
16 113.046929563772
17 168.568727090148
18 251.386222814300
19 374.924608338441
20 559.212158587708

Metodo Formula Inversa de Diferenciacao
y(  0.0  ) =  0.0
h =  0.1
0 0.0
1 0.1
2 0.23
3 0.402
4 0.6328
5 0.94592
6 1.41805853658537
7 2.15339083878644
8 3.25956390650165
9 4.88577352455970
10 7.28574077803754
11 10.8587173378009
12 16.1880160762536
13 24.1269507846362
14 35.9517915684560
15 53.5790873319286
16 79.8700176498196
17 119.085526337550
18 177.579054184548
19 264.833695527366
20 395.001536120571

Metodo Formula Inversa de Diferenciacao por Euler
y(  0.0  ) =  0.0
h =  0.1
0 0.0
1 0.100000000000000
2 0.230000000000000
3 0.402000000000000
4 0.632800000000000
5 0.945920000000000
6 1.41805853658537
7 2.15339083878644
8 3.25956390650165
9 4.88577352455969
10 7.28574077803753
11 10.8587173378009
12 16.1880160762536
13 24.1269507846363
14 35.9517915684560
15 53.5790873319287
16 79.8700176498198
17 119.085526337551
18 177.579054184548
19 264.833695527366
20 395.001536120571

Metodo Formula Inversa de Diferenciacao por Euler Inverso
y(  0.0  ) =  0.0
h =  0.1
0 0.0
1 0.150000000000000
2 0.383333333333333
3 0.755555555555556
4 1.35925925925926
5 2.34876543209877
6 3.76472448057814
7 5.69073229485683
8 8.45509850456207
9 12.6124765046904
10 18.8654117314372
11 28.1669182111333
12 41.9848308588199
13 62.5840907525578
14 93.3357378262106
15 139.216141499385
16 207.638555037883
17 309.695361705669
18 461.953676922323
19 689.114905026331
20 1028.01533173066

Metodo Formula Inversa de Diferenciacao por Euler Aprimorado
y(  0.0  ) =  0.0
h =  0.1
0 0.0
1 0.115000000000000
2 0.273200000000000
3 0.495336000000000
4 0.812097280000000
5 1.26890397440000
6 1.94069963239024
7 2.93783570065437
8 4.41689358878019
9 6.60934739465447
10 9.86569043459566
11 14.7124224838444
12 21.9330607571172
13 32.6936808638928
14 48.7344755494290
15 72.6538234989339
16 108.328728878616
17 161.542195096351
18 240.921537031629
19 359.338961244998
20 535.999828953227

Metodo Formula Inversa de Diferenciacao por Runge-Kutta (ordem =  6 )
y(  0.0  ) =  0.0
h =  0.1
0 0.0
1 0.117200000000000
2 0.279737813333333
3 0.509907554076445
4 0.840966095334301
5 1.32252382328002
6 2.02873371634919
7 3.07020145070096
8 4.61179246761929
9 6.89943695245925
10 10.3001482998478
11 15.3615610514057
12 22.9006820051290
13 34.1363910366768
14 50.8872069910000
15 75.8663123886601
16 113.121651952740
17 168.692540122703
18 251.589331565190
19 375.255055242966
20 559.746076950574

